20240729 control 0 240 235 168
20240730 p110 1 0 0 128
20240731 myls22 2 139 187 214
20240801 mfi8 3 255 127 124
20240802 tbhp 4 254 206 238
20240805 h2o2 5 112 128 144
20240806 mitoq 6 167 215 190
20240807 resveratrol 7 152 255 152
20240808 lonidamine 8 50 205 50
20240809 oligomycin 9 0 128 0
20240813 dnp 10 32 120 39
20240814 valinomycin 11 128 0 0
20240815 cccp 12 255 192 203
20240816 mitomycinc 13 0 255 255
20240820 cytochalasind 14 0 255 0
20240821 lantrunculinb 15 255 165 0
20240823 mdivi1 16 128 128 0
20240826 nocodazole 17 255 0 0
20240830 colchicine 18 255 215 0
20240903 antimycina 19 128 0 128
20240904 tiron 20 88 57 130
20240905 cisplatin 21 255 255 0
20240910 rotenone 22 255 0 255
20240911 nigericin 23 221 160 221
20240912 azide 24 255 105 180
20240913 paraquat 25 64 224 208
20240917 metformin 26 0 0 255
20250101 temp 27 0 255 0
20250101 temp 32 0 255 0
20250101 temp 28 0 255 0
20250101 temp 30 0 255 0
20250101 temp 40 0 255 0
20250101 temp 36 0 255 0

