20240729 control 0 255 204 153
20240730 p110 1 255 218 179
20240731 myls22 2 138 154 163
20240801 mfi8 3 255 128 191
20240731 tbhp 4 112 128 144
20240805 h2o2 5 89 104 115
20240806 mitoq 6 194 209 188
20240807 resveratrol 7 204 102 102
20240808 lonidmaine 8 255 179 217
20240809 oligomycin 9 204 204 255
20240813 dnp 10 255 153 204
20240814 valinomycin 11 179 184 168
20240815 cccp 12 138 154 130
20240816 mitomycinc 13 255 242  179
20240820 cytochalasind 14 53 255 204
20240821 lantrunculinb 15 179 255 230
20240823 mdivi1 16 217 140 140
20240826 nocodazole 17 133 211 213
20240830 colchicine 18 102 204 204
20240903 antimycina 19 150 163 140
20240904 tiron 20 179 77 77
20240905 cisplatin 21 255 255 153
20240910 rotenone 22 230 163 204
20240911 nigericin 23 179 179 255
20240912 azide 24 168 181 162
20240913 paraquat 25 255 242 212
20240917 metformin 26 0.9 0.21558935361216747 0.0
20250101 temp 27 0 255 0
20250101 temp 32 0 255 0
20250101 temp 28 0 255 0
20250101 temp 30 0 255 0
20250101 temp 40 0 255 0
20250101 temp 36 0 255 0
